-0.1133494431714672 0.051582322084386 0.9922152829810177 18255
-0.0041063528332143835 0.04714770757397759 0.9988794879948871 16341
-0.09396187098179987 -0.06905202621224593 0.9931782239243785 17103
0.10996640380880832 -0.040578283323393825 0.9931066372529611 13874
0.09925461553696306 0.025867442466042133 0.9947257897103481 14456
0.10419288939865963 -0.04365472535879892 0.9935985641860633 13951
-0.08566422716128674 0.006716129691478446 0.9963014271729348 17457
0.04329534119907836 -0.043960469805310876 0.9980946801405925 14954
0.1178445186536891 0.047049953109706485 0.9919168167420365 14293
-0.022137464161167252 -0.10936516401821349 0.9937550973855592 15619
-0.09346055901485463 -0.006348579297980392 0.9956027417848587 17506
-0.0346529010996273 0.06996465207795965 0.9969474027775936 17027
-0.11146100060923299 -0.009219503200227581 0.9937260417760669 17805
0.018288686691276465 -0.03931945879839013 0.9990593096002409 15383
